antenna_id	resonant_freq_ghz	depth_db	prominence_db	confidence	method
30037	3.920000076	-25.396925	16.894260	0.964766	local_min
2292	2.650000095	-25.844402	15.328201	0.954815	local_min
1979	4.929999828	-34.642494	25.068731	0.993177	local_min
2484	4.239999771	-32.487991	23.032394	0.989746	local_min
4559	5.550000191	-26.649031	23.736592	0.986020	local_min
1164	3.109999895	-16.553637	17.693581	0.851547	local_min
1046	4.960000038	-14.911949	13.230915	0.883023	local_min
2639	4.820000172	-22.807802	18.516524	0.968899	local_min
2061	5.170000076	-20.167669	16.972408	0.954526	local_min
4625	3.569999933	-18.026680	15.800026	0.935941	local_min
30031	5.670000076	-24.229769	16.843445	0.962996	local_min
1171	4.250000000	-23.459583	17.430670	0.965075	local_min
5129	4.110000134	-11.922342	11.533910	0.760469	local_min
1098	5.880000114	-20.758095	16.620165	0.953060	local_min
533	1.990000010	-14.559079	11.183294	0.866291	local_min
4086	5.550000191	-38.376034	30.501757	0.997566	local_min
4732	4.909999847	-20.017172	17.695346	0.955618	local_min
30073	4.449999809	-15.661445	16.982472	0.833220	local_min
1053	4.929999828	-15.237591	13.348317	0.864673	local_min
30061	5.840000153	-26.603472	19.347746	0.977220	local_min
4525	5.579999924	-15.676232	12.163774	0.868644	local_min
29975	5.829999924	-21.038380	18.890878	0.921118	local_min
1406	4.110000134	-27.212381	21.355305	0.983715	local_min
1130	5.849999905	-22.711653	14.430240	0.938900	local_min
1343	4.389999866	-18.567787	13.217460	0.918788	local_min
3581	4.340000153	-23.895342	17.416115	0.965681	local_min
30008	5.909999847	-18.832552	11.089433	0.890927	local_min
4935	3.269999981	-19.439671	18.780427	0.935722	local_min
2627	4.469999790	-29.208687	20.397142	0.982422	local_min
954	3.480000019	-12.998541	12.083044	0.842880	local_min
4378	5.150000095	-26.046503	22.433915	0.984785	local_min
2573	5.980000019	-21.490456	1.593578	0.528068	local_min
1643	5.079999924	-32.123013	26.718323	0.994159	local_min
30069	5.949999809	-24.895466	15.209622	0.952837	local_min
2010	5.099999905	-16.688677	14.292038	0.916177	local_min
5706	5.250000000	-23.819485	20.871370	0.977318	local_min
4655	5.619999886	-24.441147	19.082509	0.973766	local_min
1610	4.929999828	-13.464578	12.853067	0.822337	local_min
2424	3.660000086	-1.823099	1.466913	0.148008	local_min
2772	2.690000057	-14.772861	9.056594	0.828983	local_min
3920	4.769999981	-35.575623	24.814174	0.993019	local_min
1268	5.039999962	-21.905384	18.426534	0.963353	local_min
5665	3.730000019	-23.047081	19.793288	0.973396	local_min
2503	4.489999771	-16.659527	15.663690	0.900831	local_min
1581	4.179999828	-11.263222	11.001176	0.742707	local_min
1765	4.869999886	-30.655809	21.881255	0.986873	local_min
3855	4.250000000	-14.785417	11.045577	0.866164	local_min
3275	5.159999847	-22.953604	21.146236	0.961974	local_min
4786	4.880000114	-18.360239	16.861617	0.939892	local_min
4379	4.449999809	-24.277580	17.777064	0.968042	local_min
2276	4.949999809	-11.731891	10.404667	0.751660	local_min
978	4.800000191	-15.939129	14.410084	0.880588	local_min
2168	5.559999943	-14.765760	10.671100	0.858017	local_min
3748	3.170000076	-23.452562	17.046927	0.963005	local_min
2124	3.240000010	-22.839437	16.002551	0.955519	local_min
1372	4.820000172	-14.959349	13.874972	0.874962	local_min
2662	2.559999943	-25.072763	14.682358	0.948721	local_min
329	3.309999943	-6.899276	5.838543	0.585586	local_min
3092	4.199999809	-15.864035	14.594427	0.907402	local_min
4162	5.449999809	-16.684570	15.325979	0.888441	local_min
2715	4.469999790	-16.235077	14.448632	0.899696	local_min
3332	5.739999771	-18.586044	16.417816	0.940079	local_min
4874	5.199999809	-28.879238	18.408449	0.975111	local_min
3671	4.289999962	-8.734330	8.440564	0.631543	local_min
5003	3.759999990	-18.961418	14.192001	0.930343	local_min
2182	4.300000191	-14.304328	11.725601	0.870821	local_min
2298	5.539999962	-14.119872	13.023674	0.868533	local_min
1242	3.970000029	-20.694321	16.926038	0.956033	local_min
691	3.220000029	-24.019196	19.709616	0.975469	local_min
1078	5.059999943	-9.120166	7.238177	0.658627	local_min
1301	3.359999895	-13.929454	12.591775	0.872141	local_min
3443	5.710000038	-33.107815	24.806353	0.992540	local_min
3106	5.239999771	-22.876648	19.915374	0.973554	local_min
5628	5.559999943	-20.517416	16.361815	0.951722	local_min
5028	5.880000114	-8.064510	5.573514	0.539038	local_min
3611	3.230000019	-24.375303	18.339315	0.970767	local_min
3655	5.760000229	-27.117933	23.049798	0.984141	local_min
2402	4.320000172	-16.993385	14.387480	0.921385	local_min
1835	5.380000114	-35.377174	27.051014	0.995233	local_min
2052	5.420000076	-16.782633	15.656169	0.907113	local_min
644	4.440000057	-21.281393	17.003949	0.958207	local_min
3654	4.550000191	-12.538033	11.788141	0.806720	local_min
2775	3.369999886	-20.461985	19.232752	0.955240	local_min
1634	3.369999886	-22.206072	15.040348	0.947162	local_min
30075	5.730000019	-18.619698	18.687639	0.857854	local_min
4469	5.320000172	-30.152617	23.850022	0.990265	local_min
359	5.159999847	-16.483805	14.995423	0.891474	local_min
4301	5.519999981	-9.628240	7.920707	0.672067	local_min
4870	4.280000210	-17.579706	12.763298	0.908932	local_min
30053	5.449999809	-28.680510	21.342638	0.984675	local_min
3258	3.039999962	-13.526571	12.838880	0.861765	local_min
205	5.039999962	-17.191387	16.287413	0.904211	local_min
4181	3.319999933	-14.706127	12.177111	0.879906	local_min
389	3.430000067	-13.102005	10.671159	0.841518	local_min
3124	5.510000229	-11.715314	7.905014	0.723197	local_min
3233	5.360000134	-20.894663	19.034267	0.956157	local_min
1872	3.150000095	-25.899862	22.743629	0.985146	local_min
284	4.639999866	-30.238386	20.370651	0.982828	local_min
5071	5.559999943	-21.854742	19.420582	0.966238	local_min
4810	4.829999924	-27.621849	20.676760	0.982252	local_min
1462	4.780000210	-16.985441	14.998832	0.920094	local_min
1667	3.970000029	-14.168747	12.727001	0.864802	local_min
1119	5.969999790	-29.350449	16.670703	0.966349	local_min
338	4.260000229	-20.358358	15.232795	0.944044	local_min
4263	4.320000172	-19.753620	14.106829	0.932429	local_min
3535	5.849999905	-14.879933	11.088354	0.840362	local_min
4999	3.930000067	-26.019732	19.359283	0.976724	local_min
4632	4.860000134	-16.245235	14.319375	0.909720	local_min
3662	5.539999962	-17.648767	15.206168	0.914218	local_min
162	5.019999981	-7.274609	6.354985	0.541077	local_min
4858	5.929999828	-20.698299	13.465363	0.918825	local_min
1942	4.449999809	-23.813618	19.192493	0.973346	local_min
833	4.150000095	-24.173203	19.178329	0.973846	local_min
4107	4.769999981	-10.334531	8.477097	0.751024	local_min
3732	3.619999886	-32.137226	20.926904	0.985058	local_min
4508	3.599999905	-20.141191	15.938022	0.948460	local_min
1115	3.769999981	-19.422546	16.378534	0.948423	local_min
255	5.469999790	-15.945334	14.600495	0.899637	local_min
3271	4.170000076	-20.321400	16.852579	0.954215	local_min
3120	4.110000134	-9.754822	9.398489	0.677715	local_min
4292	4.769999981	-24.033636	21.305282	0.977784	local_min
5667	4.210000038	-18.535654	17.776965	0.922278	local_min
1337	4.869999886	-13.001829	11.906903	0.838548	local_min
4219	5.099999905	-23.952776	17.884609	0.968091	local_min
685	3.680000067	-21.999298	13.638491	0.933860	local_min
510	4.250000000	-30.229343	20.882862	0.984267	local_min
4430	5.820000172	-11.797078	8.508384	0.702147	local_min
3965	4.210000038	-16.927797	14.591931	0.922237	local_min
773	4.500000000	-24.360918	17.793740	0.968241	local_min
184	2.839999914	-20.032564	15.033543	0.941475	local_min
211	4.190000057	-26.297363	18.985023	0.975594	local_min
139	5.880000114	-10.941125	6.639688	0.633069	local_min
4954	4.619999886	-16.815847	14.681720	0.921582	local_min
2167	5.349999905	-6.429101	5.901774	0.514852	local_min
5041	4.730000019	-22.163954	17.441636	0.962700	local_min
29949	4.289999962	-24.838463	23.139342	0.978278	local_min
2611	3.099999905	-30.117670	19.071316	0.978406	local_min
3725	5.550000191	-24.935606	20.837144	0.979849	local_min
2365	3.089999914	-14.163334	12.548547	0.874407	local_min
625	4.280000210	-7.534375	7.291396	0.595891	local_min
214	3.720000029	-25.846764	17.189059	0.966888	local_min
1181	2.490000010	-23.381866	14.485301	0.944627	local_min
1801	5.409999847	-27.560343	20.918923	0.982810	local_min
887	4.690000057	-30.543072	22.850849	0.988778	local_min
5721	3.509999990	-19.208843	17.355975	0.951209	local_min
2757	2.680000067	-25.272280	15.052536	0.952036	local_min
1276	4.099999905	-23.905323	17.387540	0.965547	local_min
1431	3.579999924	-25.362745	19.561141	0.976736	local_min
1439	5.239999771	-12.725253	11.321346	0.797692	local_min
3472	5.880000114	-21.458271	15.621450	0.944924	local_min
2826	5.289999962	-10.352673	9.899854	0.715096	local_min
663	5.139999866	-15.653877	14.706426	0.847018	local_min
3958	4.699999809	-40.868832	33.318949	0.998599	local_min
3936	5.219999790	-20.955877	19.529229	0.944558	local_min
30081	5.449999809	-17.831841	13.728450	0.920390	local_min
1209	2.430000067	-26.328869	16.518805	0.963477	local_min
395	5.880000114	-17.475367	14.014157	0.900264	local_min
3600	4.849999905	-7.523533	6.461691	0.615033	local_min
1578	4.929999828	-21.366932	17.177617	0.959285	local_min
1659	4.969999790	-34.913189	27.804327	0.995716	local_min
5011	3.680000067	-21.199619	14.833207	0.943151	local_min
573	2.970000029	-17.455456	13.845747	0.920029	local_min
5630	3.750000000	-24.040005	20.172617	0.976764	local_min
1600	4.920000076	-22.748541	19.702759	0.972206	local_min
1056	5.579999924	-23.304827	19.506522	0.967085	local_min
4765	4.639999866	-27.366137	20.318673	0.981029	local_min
3615	2.450000048	-12.475507	9.536058	0.814172	local_min
1052	3.069999933	-10.388358	10.630761	0.744075	local_min
1105	3.450000048	-25.023287	16.777208	0.963658	local_min
1705	5.650000095	-2.643936	0.013650	0.117824	local_min
3878	3.700000048	-35.331371	25.045019	0.993263	local_min
4554	5.920000076	-24.767769	17.029868	0.963918	local_min
4634	4.710000038	-23.219507	17.739089	0.966226	local_min
5805	5.710000038	-27.054062	21.467559	0.983826	local_min
721	5.360000134	-0.907543	0.065494	0.044225	local_min
2325	4.989999771	-25.092567	22.843700	0.980565	local_min
309	3.029999971	-23.181610	16.719879	0.960673	local_min
2476	5.050000191	-5.339701	4.839505	0.423764	local_min
299	5.250000000	-30.579189	22.615112	0.988350	local_min
1789	4.130000114	-13.603863	13.010742	0.839843	local_min
711	4.150000095	-7.268204	6.981395	0.554865	local_min
2042	3.599999905	-10.090427	8.748832	0.744736	local_min
3815	5.469999790	-12.436872	11.340027	0.785783	local_min
4896	4.639999866	-17.640995	14.556542	0.927129	local_min
3345	3.859999895	-27.378332	21.959035	0.985192	local_min
4062	4.409999847	-20.627085	19.008275	0.959202	local_min
4386	3.990000010	-29.370525	19.137325	0.978306	local_min
942	5.230000019	-17.081816	12.637820	0.902637	local_min
5636	3.390000105	-14.641068	13.920811	0.852525	local_min
2653	5.460000038	-28.066444	22.149027	0.986111	local_min
2748	3.759999990	-13.295689	11.351254	0.850487	local_min
1552	5.340000153	-18.259096	17.770785	0.905728	local_min
686	4.849999905	-23.155079	20.707794	0.974421	local_min
931	5.099999905	-18.036034	16.686541	0.929180	local_min
579	5.630000114	-18.234179	15.499810	0.917207	local_min
3469	2.910000086	-14.050276	12.782110	0.874665	local_min
1355	4.269999981	-17.785093	16.164111	0.934588	local_min
2282	2.819999933	-27.249580	16.657539	0.965094	local_min
5006	4.659999847	-18.044403	16.429902	0.934583	local_min
1844	5.309999943	-22.215534	19.589328	0.970695	local_min
3706	4.130000114	-29.365314	20.032427	0.981389	local_min
4773	5.010000229	-21.105303	17.111843	0.958349	local_min
4137	4.179999828	-19.341400	17.146660	0.951115	local_min
4132	3.460000038	-26.771849	20.231247	0.980294	local_min
636	5.400000095	-19.901716	15.763072	0.946034	local_min
4172	4.519999981	-9.819457	8.495098	0.729190	local_min
488	5.730000019	-20.081940	18.481966	0.899960	local_min
30057	4.269999981	-18.617702	14.436130	0.930963	local_min
36	4.349999905	-7.204617	6.505550	0.565433	local_min
4493	4.360000134	-26.926052	17.208498	0.967978	local_min
589	5.860000134	-29.733437	25.811410	0.985304	local_min
4542	2.440000057	-21.197069	12.228472	0.915431	local_min
353	5.530000210	-11.380242	8.729175	0.684963	local_min
5051	3.819999933	-25.937431	19.724313	0.977907	local_min
1791	3.779999971	-21.030420	16.541491	0.954917	local_min
2114	3.609999895	-12.417514	11.624091	0.818817	local_min
1946	4.280000210	-27.485579	18.917334	0.976312	local_min
2464	4.860000134	-21.642349	16.532003	0.956423	local_min
607	5.860000134	-33.460613	21.927021	0.977122	local_min
1168	2.819999933	-12.718121	10.658771	0.834866	local_min
1761	5.550000191	-22.834751	18.731510	0.969846	local_min
1106	2.289999962	-25.726559	17.107205	0.966317	local_min
733	4.119999886	-11.030208	10.571596	0.726100	local_min
3753	3.940000057	-17.745369	13.150089	0.914245	local_min
3499	5.570000172	-29.924826	23.431598	0.988465	local_min
2452	5.639999866	-21.335524	18.763754	0.963834	local_min
1442	4.880000114	-24.564596	17.299111	0.965997	local_min
2381	5.309999943	-22.833952	16.797927	0.960502	local_min
3989	5.139999866	-20.497194	16.306176	0.951862	local_min
253	5.150000095	-30.380510	22.002075	0.987026	local_min
532	5.940000057	-25.074982	10.203769	0.889405	local_min
4258	4.400000095	-17.819527	11.745211	0.896767	local_min
2373	5.639999866	-24.250206	18.760404	0.972301	local_min
821	5.070000172	-26.000395	20.738202	0.980938	local_min
4046	3.670000076	-19.106163	15.354377	0.940533	local_min
2055	4.840000153	-17.273655	14.202011	0.921599	local_min
30044	5.800000191	-27.257639	20.878765	0.982532	local_min
4117	3.539999962	-32.250664	24.161192	0.991465	local_min
160	5.960000038	-25.374014	14.352325	0.945428	local_min
2733	4.969999790	-21.137094	19.118438	0.932050	local_min
4017	5.469999790	-23.282042	17.903702	0.966672	local_min
3766	3.970000029	-13.069606	12.469820	0.825629	local_min
5109	4.989999771	-16.731565	15.487958	0.915206	local_min
1396	3.359999895	-31.400545	20.733837	0.984305	local_min
1190	4.650000095	-12.433790	11.600470	0.814767	local_min
3128	5.039999962	-23.688116	18.040994	0.968404	local_min
1081	3.880000114	-25.813606	17.990646	0.970894	local_min
4238	3.660000086	-13.060518	10.221725	0.834193	local_min
1012	3.710000038	-9.724875	7.775999	0.723316	local_min
1807	3.569999933	-28.068121	20.963852	0.983336	local_min
545	4.289999962	-23.894753	20.968072	0.977993	local_min
4480	2.799999952	-14.357962	12.311337	0.877741	local_min
4714	4.679999828	-38.011539	24.535608	0.992945	local_min
210	5.639999866	-40.499763	26.588742	0.995335	local_min
1467	4.769999981	-16.650908	15.481668	0.913360	local_min
1708	4.800000191	-13.449280	10.677774	0.842680	local_min
4980	4.650000095	-20.195190	18.000620	0.957300	local_min
3406	5.619999886	-21.251986	18.303885	0.956957	local_min
3195	4.380000114	-15.778414	12.455195	0.893498	local_min
684	4.880000114	-23.478992	18.720909	0.970932	local_min
1147	5.380000114	-17.726597	15.889923	0.929922	local_min
1370	5.690000057	-24.734165	19.322874	0.974882	local_min
1018	3.849999905	-2.215519	1.798507	0.179697	local_min
3292	4.090000153	-19.729521	17.495460	0.952737	local_min
4571	5.019999981	-20.079367	16.761378	0.953021	local_min
2689	5.239999771	-19.029053	16.427395	0.944101	local_min
3151	4.750000000	-26.576509	21.708510	0.983896	local_min
3933	4.719999790	-40.161968	28.851416	0.996910	local_min
3687	4.420000076	-29.061121	20.300336	0.982056	local_min
2605	4.949999809	-21.141167	16.847549	0.957015	local_min
2444	4.119999886	-21.692341	17.462093	0.961732	local_min
3668	3.390000105	-23.042366	21.555607	0.974976	local_min
4841	2.880000114	-21.329739	13.442585	0.930251	local_min
5669	4.199999809	-26.494272	19.250797	0.976774	local_min
4213	4.559999943	-12.807712	12.833833	0.797261	local_min
3590	3.150000095	-14.446197	8.668270	0.817454	local_min
30048	5.019999981	-19.009228	14.875381	0.936002	local_min
4812	3.470000029	-27.341787	17.569014	0.970190	local_min
29997	5.820000172	-13.991044	11.770359	0.848297	local_min
5632	3.809999943	-16.250429	11.000921	0.876617	local_min
1148	5.829999924	-6.174873	2.364376	0.368664	local_min
1483	4.070000172	-26.466608	20.580986	0.981051	local_min
3845	3.579999924	-30.809189	21.174790	0.985260	local_min
3956	2.460000038	-23.430653	16.189305	0.957786	local_min
924	4.840000153	-22.810438	18.004474	0.966659	local_min
5046	3.339999914	-12.712907	11.094350	0.836792	local_min
1994	4.110000134	-11.120109	10.895415	0.734986	local_min
2631	5.750000000	-25.808897	21.054000	0.950258	local_min
1558	4.230000019	-18.185768	16.136012	0.939512	local_min
3525	4.969999790	-18.339275	15.976800	0.936058	local_min
4456	5.610000134	-21.358334	17.840635	0.950952	local_min
4337	3.940000057	-19.244654	14.501148	0.934243	local_min
4922	5.800000191	-16.623856	15.269507	0.905680	local_min
4813	3.529999971	-19.921171	16.887628	0.953168	local_min
1762	2.799999952	-14.061461	10.291385	0.846720	local_min
1883	4.320000172	-18.480511	15.453507	0.938300	local_min
70	5.329999924	-29.332926	22.049839	0.986648	local_min
4265	5.880000114	-17.390427	11.613399	0.856693	local_min
617	3.490000010	-10.058774	9.389555	0.727538	local_min
1022	5.440000057	-18.717852	15.661432	0.938733	local_min
1704	5.480000019	-24.071173	20.606639	0.977864	local_min
2047	5.219999790	-23.228092	17.715968	0.966102	local_min
929	4.119999886	-18.053703	14.169402	0.926108	local_min
846	5.289999962	-18.706604	13.803373	0.925220	local_min
30023	4.900000095	-20.974533	16.874872	0.956631	local_min
2082	5.789999962	-19.632828	16.752639	0.948900	local_min
1713	4.900000095	-0.548124	0.005536	0.024915	local_min
4821	5.500000000	-11.797112	10.279985	0.795295	local_min
2130	3.589999914	-22.154348	16.928048	0.959916	local_min
968	3.650000095	-29.381504	26.682920	0.992034	local_min
3393	3.759999990	-25.105528	17.226740	0.966284	local_min
1631	5.480000019	-10.731853	9.641521	0.716855	local_min
4611	5.409999847	-30.655209	22.225014	0.987605	local_min
1482	3.960000038	-24.469854	18.227056	0.970398	local_min
4890	4.440000057	-23.388323	18.785572	0.971088	local_min
1135	5.760000229	-14.915025	12.715716	0.833132	local_min
1382	3.799999952	-15.391863	12.713877	0.893444	local_min
3217	5.739999771	-22.844751	20.187683	0.973304	local_min
1787	4.289999962	-19.715857	17.821212	0.952642	local_min
30049	5.719999790	-16.557583	15.537639	0.919774	local_min
4105	5.500000000	-22.572708	23.444492	0.882051	local_min
3727	4.010000229	-26.440437	18.069532	0.971861	local_min
215	4.829999924	-17.289949	14.670464	0.924620	local_min
4626	3.000000000	-10.693615	6.662539	0.716956	local_min
4183	3.660000086	-17.338619	13.502033	0.915772	local_min
4190	4.750000000	-9.877709	8.831213	0.679049	local_min
4327	3.829999924	-10.915476	9.713127	0.780816	local_min
2286	4.460000038	-14.677135	13.889460	0.863350	local_min
221	4.829999924	-30.299952	21.885798	0.986739	local_min
132	4.929999828	-3.999553	3.510794	0.324072	local_min
1775	3.430000067	-22.205002	15.396691	0.949945	local_min
4929	4.269999981	-8.840541	7.988121	0.681549	local_min
364	5.570000172	-23.202168	18.538242	0.965760	local_min
3506	5.400000095	-16.786093	15.082277	0.897950	local_min
2467	5.989999771	-21.282372	0.281555	0.547886	local_min
4587	2.380000114	-5.481043	5.458907	0.472794	local_min
48	3.349999905	-14.054253	11.906046	0.868560	local_min
1213	4.750000000	-10.365932	9.352642	0.701321	local_min
3463	4.480000019	-27.184460	20.629131	0.981792	local_min
939	5.750000000	-1.505235	0.077423	0.070774	local_min
30001	3.490000010	-19.999678	17.036688	0.954588	local_min
3369	4.699999809	-14.533006	11.962921	0.875516	local_min
4079	3.519999981	-26.383188	16.382688	0.962678	local_min
29982	4.130000114	-11.657506	10.538040	0.806350	local_min
697	4.730000019	-15.573769	14.507807	0.896732	local_min
1060	5.369999886	-30.076368	25.531648	0.992275	local_min
735	4.179999828	-16.279205	13.804002	0.910107	local_min
1122	5.099999905	-19.623569	18.227155	0.934182	local_min
2303	3.940000057	-19.087656	15.772547	0.941921	local_min
3806	3.259999990	-10.969428	10.124878	0.775732	local_min
1715	5.710000038	-23.315989	19.215803	0.970762	local_min
1097	5.670000076	-43.377789	33.727215	0.998789	local_min
2811	4.380000114	-13.343657	12.640522	0.837510	local_min
3807	5.989999771	-18.755674	0.938429	0.529072	local_min
3252	4.500000000	-15.772643	11.435755	0.880033	local_min
2804	4.820000172	-10.828570	9.331991	0.767624	local_min
1497	4.690000057	-21.429522	18.421555	0.964643	local_min
30028	4.369999886	-13.021015	9.520837	0.820457	local_min
5785	4.360000134	-23.440121	21.643952	0.975774	local_min
243	4.349999905	-19.594200	16.563045	0.950002	local_min
3537	4.929999828	-19.750511	17.628620	0.951505	local_min
2431	5.219999790	-26.503702	22.236702	0.985024	local_min
1947	5.730000019	-15.972966	11.173075	0.838205	local_min
5114	4.510000229	-26.215033	22.444272	0.985013	local_min
1681	4.219999790	-18.118607	14.392579	0.928451	local_min
5128	3.069999933	-28.039385	19.548980	0.979024	local_min
3862	4.619999886	-23.165459	18.459337	0.969288	local_min
30066	4.539999962	-14.164849	12.529392	0.870000	local_min
5711	3.470000029	-15.120689	14.319961	0.884378	local_min
1962	4.210000038	-14.832406	13.864757	0.877696	local_min
517	2.509999990	-10.911006	7.991285	0.756341	local_min
4733	3.309999943	-18.243546	13.756813	0.923026	local_min
5641	3.240000010	-12.458259	10.356148	0.826497	local_min
3735	4.519999981	-8.330313	6.562308	0.652251	local_min
3756	3.450000048	-14.787799	14.131517	0.857331	local_min
3536	5.150000095	-12.963585	12.465396	0.784641	local_min
585	4.099999905	-22.872698	18.469276	0.968832	local_min
433	5.309999943	-17.136757	15.667144	0.915929	local_min
4650	5.769999981	-16.925703	14.957313	0.913494	local_min
907	4.400000095	-17.941111	15.979719	0.933011	local_min
3642	4.860000134	-20.572107	15.564563	0.947121	local_min
878	4.579999924	-16.553757	12.824087	0.903225	local_min
4837	4.199999809	-22.070835	16.998583	0.960122	local_min
1970	3.559999943	-26.056318	20.757614	0.981157	local_min
1324	4.050000191	-22.072544	19.745772	0.970427	local_min
5726	3.119999886	-9.821723	9.453193	0.720630	local_min
181	4.570000172	-18.228716	16.092591	0.938829	local_min
4585	4.510000229	-19.514635	15.878091	0.945643	local_min
2351	5.449999809	-13.548801	12.319296	0.840273	local_min
16	4.210000038	-12.464119	9.427408	0.811678	local_min
2646	4.559999943	-23.201330	19.499516	0.973274	local_min
1049	5.829999924	-10.872784	9.266526	0.719075	local_min
4011	3.970000029	-17.680843	15.787221	0.933020	local_min
1894	2.589999914	-21.106964	12.888956	0.923457	local_min
2820	4.289999962	-30.002296	22.143443	0.987165	local_min
260	4.539999962	-14.805788	13.601943	0.860082	local_min
582	4.179999828	-26.043358	25.247506	0.982604	local_min
4352	5.650000095	-16.346697	15.012789	0.866064	local_min
3340	3.680000067	-38.327160	30.155334	0.997421	local_min
2101	3.250000000	-13.511374	10.947165	0.851181	local_min
2469	4.550000191	-16.135641	13.816586	0.908855	local_min
4855	4.880000114	-34.421741	23.860841	0.991528	local_min
2092	4.679999828	-13.577841	11.920961	0.858779	local_min
1850	4.849999905	-30.352699	21.059072	0.984783	local_min
5083	4.090000153	-12.084850	11.610968	0.760311	local_min
2556	3.130000114	-13.214625	12.443494	0.851208	local_min
5697	3.579999924	-19.822962	18.033854	0.955968	local_min
1719	5.300000191	-22.841043	20.830362	0.972566	local_min
3870	3.569999933	-16.835644	12.245937	0.898370	local_min
4157	3.480000019	-18.764940	15.957899	0.942725	local_min
3683	3.349999905	-11.374893	9.518778	0.794685	local_min
2148	5.019999981	-16.845728	14.508705	0.907693	local_min
4716	4.730000019	-9.536960	8.467749	0.664511	local_min
103	5.980000019	-11.430260	6.333317	0.702928	local_min
30072	4.400000095	-17.725164	17.769704	0.868009	local_min
216	4.210000038	-14.407059	13.240587	0.877458	local_min
3098	3.420000076	-21.247532	19.202983	0.964311	local_min
3157	5.840000153	-16.022593	10.525927	0.774602	local_min
3303	4.659999847	-27.523996	20.666528	0.982153	local_min
5604	5.559999943	-24.591440	14.916568	0.949724	local_min
1111	3.950000048	-19.696510	17.012304	0.952377	local_min
30018	4.659999847	-26.097692	18.405078	0.973036	local_min
1967	4.420000076	-16.000948	13.001945	0.900991	local_min
2098	5.250000000	-23.859804	20.018024	0.975411	local_min
4920	5.550000191	-30.748493	25.013349	0.992059	local_min
4494	5.179999828	-10.307631	9.374752	0.702427	local_min
1846	5.920000076	-21.353308	16.164209	0.948487	local_min
4783	5.659999847	-23.615488	21.132622	0.974235	local_min
4928	4.719999790	-35.886845	25.290166	0.993627	local_min
2428	4.289999962	-19.549479	12.772789	0.917402	local_min
1296	4.690000057	-21.637070	15.698636	0.950911	local_min
2404	4.050000191	-15.512074	13.226099	0.899191	local_min
3962	5.909999847	-24.910324	20.042993	0.975460	local_min
3486	5.269999981	-19.658859	17.208088	0.950264	local_min
3780	5.349999905	-20.937122	17.675208	0.959201	local_min
4041	4.699999809	-21.223656	15.845138	0.950937	local_min
1144	4.079999924	-21.797297	18.545898	0.966592	local_min
2094	4.030000210	-20.293245	17.600672	0.957607	local_min
3632	4.260000229	-24.044418	20.570783	0.977935	local_min
1699	5.510000229	-27.631536	23.001824	0.987192	local_min
155	4.750000000	-23.388832	18.584769	0.970235	local_min
1463	5.300000191	-12.071779	11.177767	0.777673	local_min
5794	4.929999828	-16.759153	14.751546	0.899670	local_min
2440	4.880000114	-24.556358	18.740019	0.972683	local_min
3511	3.720000029	-22.452169	16.699171	0.959195	local_min
4811	4.400000095	-15.348876	14.172055	0.895156	local_min
1560	5.369999886	-13.460691	10.913846	0.821536	local_min
5749	4.949999809	-7.529901	6.785352	0.573022	local_min
2262	4.420000076	-23.884111	21.349566	0.978591	local_min
4700	4.019999981	-24.484922	20.657458	0.978937	local_min
2064	4.650000095	-18.940496	16.583121	0.946261	local_min
3903	4.840000153	-12.019880	10.671130	0.810619	local_min
2581	3.960000038	-17.315609	15.169425	0.927308	local_min
5720	5.980000019	-19.649847	5.518419	0.731692	local_min
905	5.619999886	-25.415817	22.684232	0.983757	local_min
4074	3.170000076	-17.042021	13.649428	0.915540	local_min
1484	3.619999886	-18.120079	16.131012	0.936474	local_min
5715	5.159999847	-18.473221	15.302353	0.937377	local_min
1516	5.250000000	-20.163651	16.231998	0.950318	local_min
321	2.240000010	-27.447468	14.778221	0.951775	local_min
656	4.119999886	-26.462616	17.637935	0.969813	local_min
3836	4.219999790	-13.195952	10.794466	0.844636	local_min
2500	5.639999866	-14.427875	13.420770	0.820690	local_min
1319	5.579999924	-23.071140	19.944093	0.965652	local_min
4572	5.440000057	-1.082573	0.050750	0.050982	local_min
810	4.090000153	-14.416212	13.996958	0.839428	local_min
2102	3.950000048	-8.444123	7.983765	0.640960	local_min
520	3.809999943	-13.142489	11.382925	0.846892	local_min
2746	4.369999886	-30.736132	20.525286	0.983479	local_min
327	4.949999809	-20.662085	16.717850	0.954670	local_min
2046	5.630000114	-22.777752	17.187169	0.962050	local_min
30034	3.490000010	-19.075447	21.771113	0.869175	local_min
2449	3.410000086	-47.610420	28.626736	0.997008	local_min
2710	2.660000086	-11.706346	10.724563	0.814033	local_min
2246	3.730000019	-33.532700	22.677683	0.989354	local_min
1927	4.070000172	-28.043377	18.191575	0.973652	local_min
29986	3.630000114	-19.756084	14.261604	0.933896	local_min
2557	5.059999943	-5.291678	4.803778	0.419822	local_min
1662	4.409999847	-42.323219	25.887869	0.994761	local_min
2198	4.679999828	-14.514787	12.225963	0.877326	local_min
2123	3.240000010	-22.570738	17.106894	0.961765	local_min
4222	4.659999847	-18.852928	16.855737	0.938585	local_min
5099	2.700000048	-16.987207	14.628818	0.923616	local_min
5061	4.050000191	-18.949736	15.874754	0.943301	local_min
745	4.230000019	-27.063101	20.581570	0.981563	local_min
124	3.990000010	-19.242926	15.413730	0.941597	local_min
3587	4.159999847	-9.206906	8.922770	0.679015	local_min
4323	3.289999962	-17.131374	15.646650	0.924524	local_min
2800	5.250000000	-15.464790	12.234650	0.866436	local_min
4887	4.219999790	-18.510805	13.218527	0.918565	local_min
3403	3.369999886	-18.059973	15.252194	0.934980	local_min
4332	4.449999809	-23.889412	20.039416	0.976221	local_min
3211	5.829999924	-36.171505	24.883689	0.993187	local_min
1966	5.949999809	-20.884840	9.725830	0.840510	local_min
2062	5.940000057	-34.179123	17.771220	0.973605	local_min
2405	5.719999790	-22.319485	17.509038	0.962218	local_min
30063	4.900000095	-24.650059	18.836545	0.973200	local_min
2675	4.349999905	-14.705353	12.137865	0.880021	local_min
133	5.719999790	-20.869513	18.039189	0.960392	local_min
5702	3.410000086	-14.674127	13.758097	0.870162	local_min
586	5.639999866	-15.313441	13.201358	0.854386	local_min
2621	4.519999981	-24.395494	20.444594	0.978118	local_min
933	4.760000229	-11.202678	10.680905	0.731716	local_min
4527	5.840000153	-18.557579	11.475481	0.870812	local_min
4804	3.589999914	-16.295616	15.691007	0.891147	local_min
4161	4.219999790	-23.117413	20.820868	0.974960	local_min
2549	4.570000172	-39.107853	26.775726	0.995408	local_min
986	4.409999847	-32.230850	24.981532	0.992528	local_min
4414	3.460000038	-17.368250	12.711369	0.907227	local_min
2397	4.989999771	-20.567968	16.909751	0.955390	local_min
2320	4.929999828	-35.620758	26.513530	0.994818	local_min
4076	5.289999962	-9.692568	7.772193	0.649078	local_min
2006	3.920000076	-19.263985	16.215199	0.946152	local_min
4709	2.390000105	-21.163578	12.692875	0.921247	local_min
3104	5.630000114	-22.984871	20.722262	0.969714	local_min
7	4.920000076	-26.446651	19.774841	0.978557	local_min
1800	2.220000029	-15.283823	10.633014	0.863608	local_min
2744	5.420000076	-16.473057	15.459745	0.869676	local_min
78	5.500000000	-18.742781	17.057984	0.933853	local_min
4089	5.679999828	-20.954771	18.504480	0.961653	local_min
4923	5.849999905	-18.594913	15.690224	0.890805	local_min
4032	4.519999981	-11.428026	10.868544	0.758205	local_min
1166	3.670000076	-16.837454	12.608229	0.902965	local_min
3661	3.710000038	-17.420654	15.788884	0.929551	local_min
1613	5.900000095	-15.824016	12.406051	0.857399	local_min
5074	5.780000210	-19.738392	14.134099	0.928189	local_min
5103	3.339999914	-16.885820	13.696591	0.915058	local_min
2254	4.900000095	-22.595846	16.767514	0.959883	local_min
4244	4.980000019	-14.860278	12.485544	0.875476	local_min
681	4.769999981	-22.742498	18.641292	0.969009	local_min
2357	4.909999847	-24.448931	18.076096	0.969676	local_min
3223	5.239999771	-21.885271	18.486629	0.966569	local_min
2132	3.309999943	-22.341202	17.826328	0.964967	local_min
1330	3.710000038	-35.431740	25.213433	0.993474	local_min
1702	4.860000134	-24.421234	22.947050	0.976523	local_min
4686	4.500000000	-23.635176	22.394069	0.972469	local_min
831	3.029999971	-30.957756	19.665123	0.980874	local_min
4073	5.679999828	-11.876572	10.270951	0.781068	local_min
3294	3.920000076	-11.175851	7.976424	0.759977	local_min
3888	4.969999790	-19.669207	16.668180	0.951031	local_min
778	4.210000038	-13.697325	11.668238	0.858223	local_min
2294	5.250000000	-18.277945	15.282319	0.933145	local_min
373	5.079999924	-12.669652	10.665760	0.830410	local_min
3705	3.640000105	-20.197969	15.615501	0.946371	local_min
2147	4.920000076	-16.193235	14.198230	0.906531	local_min
2242	2.450000048	-17.035036	9.723590	0.858512	local_min
5053	4.380000114	-10.920440	8.988241	0.773591	local_min
2701	5.150000095	-18.214298	11.963114	0.901610	local_min
2218	4.860000134	-21.903175	19.129383	0.967569	local_min
981	5.179999828	-22.498550	17.734031	0.964687	local_min
815	2.130000114	-17.209963	9.717391	0.859352	local_min
2774	3.230000019	-13.568249	10.113182	0.838372	local_min
4580	5.559999943	-26.726339	22.800694	0.984962	local_min
41	4.219999790	-13.273925	12.291847	0.839380	local_min
2186	4.690000057	-17.696310	16.330216	0.927295	local_min
4591	5.420000076	-12.821671	11.587434	0.818157	local_min
705	3.880000114	-26.926683	17.101298	0.967392	local_min
2714	4.440000057	-13.428514	12.655333	0.836831	local_min
2251	2.539999962	-16.310411	10.902128	0.875401	local_min
5090	4.500000000	-25.088749	18.202868	0.971067	local_min
4109	4.420000076	-14.178771	13.702500	0.832959	local_min
1485	5.400000095	-10.303811	9.755478	0.722664	local_min
4808	5.960000038	-10.056412	1.035303	0.392525	local_min
4774	5.190000057	-27.810360	20.486243	0.981840	local_min
3559	4.920000076	-25.616667	19.522252	0.976882	local_min
4642	4.820000172	-12.734015	11.711037	0.800189	local_min
2461	4.610000134	-21.611429	15.111614	0.946424	local_min
1806	4.719999790	-16.994576	14.458973	0.921450	local_min
5755	5.409999847	-14.857110	13.723094	0.880922	local_min
3269	4.960000038	-15.255990	14.659461	0.855678	local_min
1005	3.680000067	-21.748764	16.358702	0.955611	local_min
348	4.260000229	-36.271816	22.776334	0.990002	local_min
546	3.960000038	-19.650179	16.164708	0.948208	local_min
2049	5.300000191	-20.892704	19.236886	0.949546	local_min
4340	5.530000210	-14.878147	12.931476	0.870651	local_min
5673	5.039999962	-23.307589	18.717201	0.970683	local_min
3534	3.349999905	-13.242020	10.876865	0.846561	local_min
3216	5.820000172	-28.365892	21.161453	0.981704	local_min
28	3.609999895	-22.959360	16.736232	0.960378	local_min
4158	5.820000172	-25.097128	20.389412	0.978822	local_min
2399	4.579999924	-18.955458	17.573765	0.940822	local_min
288	4.329999924	-18.829693	16.794663	0.946305	local_min
4582	4.940000057	-24.799370	22.020229	0.981520	local_min
4207	5.380000114	-33.822159	23.791802	0.991306	local_min
5619	4.849999905	-14.888047	13.927345	0.871427	local_min
5119	3.250000000	-18.058338	13.934197	0.923934	local_min
4165	4.690000057	-18.637444	16.702992	0.942425	local_min
3950	4.849999905	-31.336441	21.781901	0.986899	local_min
10	4.380000114	-10.517838	9.320594	0.756981	local_min
2331	4.559999943	-31.413933	23.174967	0.989670	local_min
4575	4.420000076	-12.130601	10.589138	0.812668	local_min
2672	4.639999866	-21.098120	16.947446	0.957420	local_min
5719	3.519999981	-17.216494	16.108094	0.914815	local_min
2420	3.799999952	-13.040593	11.487317	0.845966	local_min
3571	4.300000191	-17.665529	12.370417	0.904449	local_min
1254	4.130000114	-25.057903	22.852960	0.982318	local_min
5057	2.839999914	-15.441529	11.177629	0.873696	local_min
2324	4.719999790	-30.683380	27.057519	0.993753	local_min
4863	5.090000153	-16.685829	14.781461	0.916160	local_min
1796	3.299999952	-22.035418	13.719613	0.934773	local_min
1083	5.059999943	-16.423069	15.587400	0.887928	local_min
9	4.389999866	-13.367648	12.802196	0.827795	local_min
1948	4.920000076	-26.188362	20.939799	0.981698	local_min
2245	2.640000105	-30.026823	20.642182	0.983519	local_min
2414	5.960000038	-8.284701	4.004966	0.531692	local_min
30026	5.789999962	-18.609568	13.401425	0.920129	local_min
1810	4.250000000	-18.880236	15.035723	0.937119	local_min
1936	4.030000210	-21.351183	17.305546	0.959817	local_min
30045	5.719999790	-28.052883	19.624883	0.979294	local_min
1136	5.300000191	-22.010670	19.629891	0.966260	local_min
2579	3.750000000	-24.218374	17.474361	0.966450	local_min
1415	4.590000153	-16.124762	16.079717	0.863284	local_min
568	5.539999962	-28.624977	22.799152	0.987247	local_min
558	4.159999847	-14.862836	14.261615	0.866180	local_min
4581	2.440000057	-21.566738	14.031123	0.936819	local_min
2724	5.309999943	-18.790888	17.458385	0.930063	local_min
2336	5.610000134	-1.220422	0.066384	0.057892	local_min
1733	5.309999943	-26.796936	21.938091	0.984552	local_min
1091	5.119999886	-25.674410	21.606352	0.982280	local_min
2730	4.909999847	-8.879321	8.205755	0.655943	local_min
1725	2.430000067	-16.961878	10.032086	0.864039	local_min
1672	4.829999924	-8.518597	8.063342	0.640189	local_min
494	4.670000076	-18.187511	15.223366	0.934339	local_min
576	5.230000019	-19.293379	17.049989	0.948133	local_min
4468	2.650000095	-15.604766	12.672457	0.895146	local_min
3480	5.409999847	-16.947945	14.575513	0.918820	local_min
4641	5.070000172	-19.548769	17.984064	0.949902	local_min
1402	5.460000038	-14.191122	12.644442	0.851203	local_min
4541	2.859999895	-14.905910	11.838318	0.878879	local_min
3985	5.960000038	-25.521099	13.743858	0.937958	local_min
2441	2.099999905	-25.563778	14.233801	0.945251	local_min
4871	5.449999809	-31.100683	22.408882	0.988145	local_min
2463	4.679999828	-28.810005	21.605607	0.985376	local_min
224	5.530000210	-38.450928	28.692126	0.996700	local_min
1146	4.309999943	-13.925858	12.996016	0.834846	local_min
1505	5.349999905	-26.124701	23.491467	0.985053	local_min
875	5.010000229	-8.319851	7.596695	0.609888	local_min
1616	3.390000105	-12.637671	9.755007	0.820504	local_min
341	4.340000153	-19.902674	16.141116	0.948790	local_min
3572	3.369999886	-14.579381	11.416895	0.869847	local_min
4022	4.340000153	-13.760571	12.471961	0.863837	local_min
112	4.099999905	-15.186069	15.176030	0.851006	local_min
3391	5.679999828	-27.739067	21.351644	0.984081	local_min
1627	3.259999990	-29.087786	19.397723	0.979113	local_min
664	3.529999971	-26.103050	18.469194	0.973317	local_min
5035	3.230000019	-16.322832	14.983117	0.918559	local_min
4088	2.819999933	-18.566994	13.413660	0.920942	local_min
5766	4.619999886	-25.106865	21.199129	0.981064	local_min
2815	3.880000114	-18.032631	13.328461	0.917554	local_min
3419	5.340000153	-19.170330	17.781939	0.946510	local_min
29965	2.730000019	-18.577473	14.410593	0.930768	local_min
505	5.570000172	-16.782309	14.267245	0.918120	local_min
2073	5.460000038	-26.130136	20.589496	0.979923	local_min
3856	4.260000229	-22.631128	19.338026	0.971016	local_min
1526	5.980000019	-25.453743	13.732512	0.938000	local_min
2343	5.239999771	-25.758352	20.022592	0.978685	local_min
519	4.730000019	-25.403122	20.169887	0.978744	local_min
1154	3.680000067	-20.029892	17.234806	0.955071	local_min
2117	4.750000000	-19.310154	16.391572	0.947864	local_min
4383	5.530000210	-17.305538	17.017800	0.854424	local_min
390	4.130000114	-9.698888	9.168194	0.692993	local_min
1360	5.510000229	-20.344929	16.680098	0.936059	local_min
1177	4.409999847	-12.111790	11.170055	0.804088	local_min
5660	3.240000010	-19.409775	14.793711	0.937341	local_min
5042	3.839999914	-17.261782	14.430849	0.923977	local_min
3197	5.670000076	-41.372707	32.013108	0.998282	local_min
4373	4.119999886	-10.737312	10.439962	0.742133	local_min
3843	5.670000076	-16.575459	13.626946	0.910670	local_min
1822	5.699999809	-18.500185	15.101499	0.915644	local_min
2385	3.059999943	-9.971944	13.567949	0.736227	local_min
1854	4.619999886	-15.929358	15.010383	0.898328	local_min
3665	5.690000057	-44.896957	29.331769	0.997344	local_min
2129	5.599999905	-18.712713	16.473247	0.927599	local_min
2100	4.230000019	-24.382977	17.256622	0.965534	local_min
1657	4.139999866	-24.487953	20.626564	0.978805	local_min
5648	3.130000114	-25.777199	14.300378	0.946092	local_min
1414	3.450000048	-17.301874	11.371073	0.888619	local_min
1454	5.369999886	-18.012127	16.052092	0.933317	local_min
2079	4.590000153	-15.397203	12.968357	0.894631	local_min
1557	3.059999943	-25.351185	18.353014	0.972035	local_min
1405	4.940000057	-20.827581	18.013638	0.961422	local_min
3957	5.900000095	-22.478014	15.864286	0.945737	local_min
21	2.700000048	-15.945113	13.171970	0.903200	local_min
4814	3.839999914	-12.902584	10.891713	0.841936	local_min
3963	4.670000076	-27.027719	20.715271	0.981906	local_min
1030	5.510000229	-15.654450	13.783309	0.866727	local_min
5663	5.789999962	-12.318480	10.994407	0.772389	local_min
4622	4.429999828	-29.589706	20.362109	0.982509	local_min
3692	4.989999771	-33.011150	26.037220	0.993874	local_min
2219	4.849999905	-17.049580	15.455729	0.920573	local_min
3376	5.179999828	-30.552721	19.909531	0.981529	local_min
4854	5.280000210	-10.510681	8.281730	0.751902	local_min
462	2.849999905	-4.395309	12.553147	0.568360	local_min
213	2.819999933	-14.871014	9.876950	0.846580	local_min
2482	4.480000019	-11.972363	10.803390	0.805460	local_min
2007	4.719999790	-38.452583	25.751078	0.994401	local_min
4256	5.289999962	-21.712296	19.441815	0.967468	local_min
2409	5.039999962	-20.898993	16.315678	0.953087	local_min
4973	4.179999828	-24.116514	16.262416	0.959307	local_min
4146	4.860000134	-19.381971	16.742828	0.942988	local_min
31	5.940000057	-23.079784	14.610372	0.937865	local_min
4453	5.110000134	-22.966850	19.984978	0.973394	local_min
3352	5.929999828	-19.546476	13.032319	0.909522	local_min
1274	2.970000029	-18.640652	10.513630	0.880924	local_min
1391	5.000000000	-17.310156	15.187545	0.925473	local_min
3488	4.889999866	-23.149145	18.408750	0.969142	local_min
3743	5.179999828	-15.923577	14.827675	0.886392	local_min
5796	4.659999847	-13.691492	12.443169	0.860593	local_min
1033	5.110000134	-24.549587	21.378339	0.979940	local_min
1271	4.559999943	-18.897017	15.390510	0.939717	local_min
4168	4.110000134	-14.696676	13.388635	0.879280	local_min
30020	5.800000191	-18.166586	13.062332	0.913507	local_min
2207	4.349999905	-30.107792	21.871254	0.986625	local_min
388	2.890000105	-17.768122	13.540594	0.918606	local_min
4859	1.389999986	-34.919895	19.982537	0.982924	local_min
1528	4.989999771	-18.418917	16.138541	0.939930	local_min
5818	4.920000076	-14.686742	13.161257	0.876742	local_min
439	4.000000000	-19.138718	14.330014	0.932305	local_min
1986	5.159999847	-20.874258	17.912451	0.961050	local_min
4328	5.869999886	-11.272449	8.097792	0.699132	local_min
4740	5.239999771	-11.016519	9.492298	0.754792	local_min
862	3.119999886	-7.259375	6.791391	0.595610	local_min
206	5.070000172	-18.672544	15.880571	0.939982	local_min
639	4.130000114	-19.088020	13.160256	0.920235	local_min
3278	5.000000000	-22.027277	19.327318	0.969049	local_min
3490	5.599999905	-28.225410	21.819591	0.985494	local_min
5730	3.829999924	-28.402195	18.037194	0.973175	local_min
3937	4.190000057	-33.217766	23.809064	0.991199	local_min
726	5.960000038	-7.117087	1.778647	0.366011	local_min
1323	4.420000076	-25.746771	21.553790	0.982761	local_min
3736	2.259999990	-5.886730	4.824659	0.518076	local_min
1138	5.340000153	-32.224899	31.191969	0.985449	local_min
3624	3.730000019	-29.119822	20.028492	0.981250	local_min
784	5.389999866	-27.937120	20.441229	0.981796	local_min
577	3.630000114	-9.419928	9.202200	0.691619	local_min
3514	5.230000019	-17.960831	15.628650	0.934833	local_min
1472	4.320000172	-29.480837	25.704000	0.992161	local_min
2681	3.960000038	-19.582090	15.089154	0.940344	local_min
1974	4.010000229	-31.847567	20.402074	0.983503	local_min
4013	3.579999924	-25.785614	20.940104	0.981353	local_min
4785	2.089999914	-23.011778	12.682418	0.925058	local_min
3625	5.030000210	-24.990643	22.805134	0.980994	local_min
4968	4.780000210	-20.200768	19.232288	0.941040	local_min
177	4.650000095	-16.988934	15.728415	0.921119	local_min
131	3.609999895	-13.886878	12.566197	0.869807	local_min
3206	3.940000057	-14.328979	12.575436	0.878891	local_min
4302	4.949999809	-43.938950	29.532328	0.997420	local_min
81	4.340000153	-17.123083	13.483078	0.914385	local_min
5055	4.909999847	-26.815035	24.421328	0.985869	local_min
3153	4.769999981	-19.975197	18.822469	0.928796	local_min
30060	5.639999866	-17.862240	14.528665	0.927368	local_min
5745	3.329999924	-13.391145	12.285224	0.860036	local_min
4502	2.750000000	-23.496403	15.824877	0.955427	local_min
1199	3.069999933	-23.746973	15.295047	0.951928	local_min
2267	3.089999914	-27.261589	18.512696	0.974498	local_min
4596	3.750000000	-14.736236	11.806561	0.876333	local_min
3375	4.789999962	-26.578827	18.839583	0.975278	local_min
4319	5.559999943	-17.846598	16.240370	0.932433	local_min
3550	4.130000114	-14.304318	13.724320	0.850546	local_min
5004	4.050000191	-21.185314	19.059562	0.965386	local_min
1892	4.719999790	-24.079405	22.587863	0.970385	local_min
2196	3.819999933	-13.003473	10.787251	0.841405	local_min
4692	4.019999981	-25.425791	22.612509	0.983265	local_min
1646	4.829999924	-13.592002	14.082154	0.793495	local_min
30080	4.280000210	-19.016258	14.914835	0.936938	local_min
